Results for 1 hidden layers 
 Error: 1874.3904 
 Accuracy: 0.7360
 Confusion matrix: 
 [[8.700e+01 2.800e+01 0.000e+00 3.200e+01 2.000e+00 1.000e+01 6.000e+00]
 [1.410e+02 1.587e+03 7.000e+00 1.450e+02 1.300e+01 3.000e+01 2.400e+01]
 [0.000e+00 0.000e+00 1.000e+00 3.000e+00 0.000e+00 0.000e+00 0.000e+00]
 [2.000e+01 6.100e+01 0.000e+00 7.200e+01 4.000e+00 3.000e+00 1.000e+00]
 [1.000e+00 2.000e+00 1.000e+00 1.000e+00 1.200e+01 2.000e+00 0.000e+00]
 [2.600e+01 2.000e+01 5.000e+00 7.000e+00 1.000e+00 6.600e+01 3.500e+01]
 [9.000e+00 7.000e+00 3.000e+00 9.000e+00 0.000e+00 2.000e+00 1.800e+01]]
Results for 2 hidden layers 
 Error: 1865.9033 
 Accuracy: 0.7324
 Confusion matrix:
 [[1.12e+02 4.60e+01 1.00e+00 4.10e+01 2.00e+00 6.00e+00 1.10e+01]
 [1.27e+02 1.57e+03 6.00e+00 1.48e+02 1.10e+01 3.10e+01 2.30e+01]
 [0.00e+00 0.00e+00 0.00e+00 1.00e+00 0.00e+00 0.00e+00 0.00e+00]
 [1.60e+01 6.30e+01 0.00e+00 6.10e+01 3.00e+00 5.00e+00 3.00e+00]
 [0.00e+00 1.00e+00 0.00e+00 0.00e+00 9.00e+00 2.00e+00 0.00e+00]
 [1.90e+01 2.10e+01 6.00e+00 9.00e+00 5.00e+00 6.50e+01 3.00e+01]
 [1.00e+01 4.00e+00 4.00e+00 9.00e+00 2.00e+00 4.00e+00 1.70e+01]]
Results for 3 hidden layers 
 Error: 1852.9293 
 Accuracy: 0.7404
 Confusion matrix: 
 [[1.25e+02 4.60e+01 1.00e+00 4.20e+01 3.00e+00 1.90e+01 2.00e+01]
 [1.23e+02 1.60e+03 7.00e+00 1.59e+02 1.50e+01 3.20e+01 2.20e+01]
 [0.00e+00 0.00e+00 0.00e+00 1.00e+00 0.00e+00 1.00e+00 1.00e+00]
 [1.00e+01 3.50e+01 0.00e+00 5.30e+01 0.00e+00 1.00e+00 2.00e+00]
 [1.00e+00 3.00e+00 0.00e+00 0.00e+00 9.00e+00 2.00e+00 0.00e+00]
 [2.00e+01 1.70e+01 5.00e+00 6.00e+00 4.00e+00 5.30e+01 2.50e+01]
 [5.00e+00 4.00e+00 4.00e+00 8.00e+00 1.00e+00 5.00e+00 1.40e+01]]
Results for 4 hidden layers 
 Error: 1855.0106 
 Accuracy: 0.7316
 Confusion matrix: 
 [[9.400e+01 4.200e+01 0.000e+00 3.300e+01 1.000e+00 9.000e+00 1.500e+01]
 [1.360e+02 1.587e+03 6.000e+00 1.520e+02 1.300e+01 3.200e+01 1.800e+01]
 [0.000e+00 0.000e+00 0.000e+00 0.000e+00 0.000e+00 0.000e+00 0.000e+00]
 [2.100e+01 5.300e+01 0.000e+00 7.000e+01 6.000e+00 4.000e+00 4.000e+00]
 [0.000e+00 1.000e+00 0.000e+00 3.000e+00 2.000e+00 1.000e+00 0.000e+00]
 [2.200e+01 1.700e+01 7.000e+00 2.000e+00 9.000e+00 6.000e+01 2.800e+01]
 [1.100e+01 5.000e+00 4.000e+00 9.000e+00 1.000e+00 7.000e+00 1.900e+01]]
Results for 5 hidden layers 
 Error: 1882.8740 
 Accuracy: 0.7432
 Confusion matrix: 
 [[1.02e+02 3.60e+01 0.00e+00 3.50e+01 0.00e+00 9.00e+00 1.10e+01]
 [1.25e+02 1.61e+03 5.00e+00 1.58e+02 9.00e+00 2.50e+01 1.80e+01]
 [0.00e+00 0.00e+00 0.00e+00 0.00e+00 0.00e+00 0.00e+00 0.00e+00]
 [1.30e+01 2.60e+01 0.00e+00 5.30e+01 1.00e+00 3.00e+00 2.00e+00]
 [3.00e+00 5.00e+00 1.00e+00 6.00e+00 1.40e+01 9.00e+00 3.00e+00]
 [3.10e+01 2.50e+01 8.00e+00 7.00e+00 6.00e+00 6.50e+01 3.30e+01]
 [1.00e+01 3.00e+00 3.00e+00 1.00e+01 2.00e+00 2.00e+00 1.70e+01]]
