Results for 1 hidden layers 
 Error: 1924.9310 
 Accuracy: 0.7208
 Confusion matrix: 
 [[ 119.   60.   10.   34.    1.   23.   26.]
 [  98. 1499.    9.  146.   16.   37.   16.]
 [   0.    1.    0.    0.    0.    0.    0.]
 [  28.   62.    0.   96.    2.    9.    7.]
 [   2.    3.    0.    3.   14.    2.    1.]
 [  19.   21.   14.    8.    6.   63.   13.]
 [   4.    1.    1.    6.    1.    9.   14.]]
Results for 2 hidden layers 
 Error: 1921.8011 
 Accuracy: 0.7161
 Confusion matrix: 
 [[ 100.   43.    5.   24.    0.   10.   14.]
 [ 107. 1502.   11.  159.   20.   42.   19.]
 [   0.    0.    0.    0.    0.    0.    0.]
 [  29.   68.    0.   90.    1.    9.    6.]
 [   0.    4.    0.    1.   15.    3.    3.]
 [  22.   23.   13.   12.    3.   70.   19.]
 [  12.    7.    5.    7.    1.    9.   16.]]
Results for 3 hidden layers 
 Error: 1958.9297 
 Accuracy: 0.7157
 Confusion matrix: 
 [[ 108.   56.    7.   33.    0.   17.   25.]
 [ 116. 1529.   12.  179.   20.   49.   15.]
 [   0.    0.    0.    1.    0.    0.    0.]
 [  18.   35.    0.   66.    0.    4.    4.]
 [   2.    4.    0.    1.   12.    3.    1.]
 [  21.   22.   13.   10.    7.   66.   21.]
 [   5.    1.    2.    3.    1.    4.   11.]]
Results for 4 hidden layers 
 Error: 1956.5885 
 Accuracy: 0.7033
 Confusion matrix: 
 [[ 102.   63.    6.   24.    0.   18.   21.]
 [ 118. 1499.   11.  171.   21.   47.   14.]
 [   0.    0.    0.    0.    0.    0.    0.]
 [  22.   53.    0.   79.    0.    7.    6.]
 [   0.    4.    0.    2.   11.    2.    0.]
 [  14.   19.   11.    7.    7.   49.   15.]
 [  14.    9.    6.   10.    1.   20.   21.]]
Results for 5 hidden layers 
 Error: 1938.5625 
 Accuracy: 0.7105
 Confusion matrix: 
 [[  75.   34.    4.   17.    0.    8.   14.]
 [ 133. 1546.   14.  186.   20.   48.   26.]
 [   0.    0.    0.    0.    0.    0.    0.]
 [  27.   40.    0.   71.    2.    9.    6.]
 [   2.    5.    0.    2.    9.    5.    1.]
 [  19.   18.   14.    8.    9.   66.   18.]
 [  14.    4.    2.    9.    0.    7.   12.]]
