Results for eta: 0.000001 and lam type: equal 
 Error: 4483.4169 
 Accuracy: 0.6558
 Confusion matrix: 
 [[   0.    0.    0.    0.    0.    0.    0.]
 [ 269. 1642.   34.  293.   40.  143.   77.]
 [   0.    0.    0.    0.    0.    0.    0.]
 [   0.    0.    0.    0.    0.    0.    0.]
 [   1.    5.    0.    0.    0.    0.    0.]
 [   0.    0.    0.    0.    0.    0.    0.]
 [   0.    0.    0.    0.    0.    0.    0.]]

Results for eta: 0.000010 and lam type: equal 
 Error: 2919.4418 
 Accuracy: 0.6577
 Confusion matrix: 
 [[   0.    0.    0.    0.    0.    0.    0.]
 [ 270. 1647.   34.  293.   40.  143.   77.]
 [   0.    0.    0.    0.    0.    0.    0.]
 [   0.    0.    0.    0.    0.    0.    0.]
 [   0.    0.    0.    0.    0.    0.    0.]
 [   0.    0.    0.    0.    0.    0.    0.]
 [   0.    0.    0.    0.    0.    0.    0.]]

Results for eta: 0.000100 and lam type: equal 
 Error: 2570.8813 
 Accuracy: 0.6577
 Confusion matrix: 
 [[   0.    0.    0.    0.    0.    0.    0.]
 [ 270. 1647.   34.  293.   40.  143.   77.]
 [   0.    0.    0.    0.    0.    0.    0.]
 [   0.    0.    0.    0.    0.    0.    0.]
 [   0.    0.    0.    0.    0.    0.    0.]
 [   0.    0.    0.    0.    0.    0.    0.]
 [   0.    0.    0.    0.    0.    0.    0.]]

Results for eta: 0.001000 and lam type: equal 
 Error: 2069.4668 
 Accuracy: 0.7029
 Confusion matrix: 
 [[  85.   38.    9.   28.    0.   15.   20.]
 [ 138. 1546.   10.  195.   25.   52.   22.]
 [   0.    0.    0.    0.    0.    0.    0.]
 [  19.   35.    1.   55.    1.    5.    3.]
 [   0.    0.    0.    0.    0.    0.    0.]
 [  25.   27.   13.   11.   13.   64.   22.]
 [   3.    1.    1.    4.    1.    7.   10.]]

Results for eta: 0.000001 and lam type: last 
 Error: 2992.3293 
 Accuracy: 0.6577
 Confusion matrix: 
 [[   0.    0.    0.    0.    0.    0.    0.]
 [ 270. 1647.   34.  293.   40.  143.   77.]
 [   0.    0.    0.    0.    0.    0.    0.]
 [   0.    0.    0.    0.    0.    0.    0.]
 [   0.    0.    0.    0.    0.    0.    0.]
 [   0.    0.    0.    0.    0.    0.    0.]
 [   0.    0.    0.    0.    0.    0.    0.]]

Results for eta: 0.000010 and lam type: last 
 Error: 2847.0087 
 Accuracy: 0.6577
 Confusion matrix: 
 [[   0.    0.    0.    0.    0.    0.    0.]
 [ 270. 1647.   34.  293.   40.  143.   77.]
 [   0.    0.    0.    0.    0.    0.    0.]
 [   0.    0.    0.    0.    0.    0.    0.]
 [   0.    0.    0.    0.    0.    0.    0.]
 [   0.    0.    0.    0.    0.    0.    0.]
 [   0.    0.    0.    0.    0.    0.    0.]]

Results for eta: 0.000100 and lam type: last 
 Error: 2447.1526 
 Accuracy: 0.6601
 Confusion matrix: 
 [[  25.   12.    5.   12.    0.    8.    0.]
 [ 243. 1624.   29.  277.   40.  135.   77.]
 [   0.    0.    0.    0.    0.    0.    0.]
 [   2.   11.    0.    4.    0.    0.    0.]
 [   0.    0.    0.    0.    0.    0.    0.]
 [   0.    0.    0.    0.    0.    0.    0.]
 [   0.    0.    0.    0.    0.    0.    0.]]

Results for eta: 0.001000 and lam type: last 
 Error: 2014.0507 
 Accuracy: 0.7101
 Confusion matrix: 
 [[  96.   47.    9.   27.    0.   15.   20.]
 [ 130. 1540.   11.  189.   25.   46.   23.]
 [   0.    0.    0.    0.    0.    0.    0.]
 [  22.   38.    0.   62.    1.    9.    6.]
 [   0.    0.    0.    0.    3.    0.    0.]
 [  19.   21.   12.   13.   10.   65.   16.]
 [   3.    1.    2.    2.    1.    8.   12.]]

Results for eta: 0.000001 and lam type: middle 
 Error: 2993.2295 
 Accuracy: 0.6577
 Confusion matrix: 
 [[   0.    0.    0.    0.    0.    0.    0.]
 [ 270. 1647.   34.  293.   40.  143.   77.]
 [   0.    0.    0.    0.    0.    0.    0.]
 [   0.    0.    0.    0.    0.    0.    0.]
 [   0.    0.    0.    0.    0.    0.    0.]
 [   0.    0.    0.    0.    0.    0.    0.]
 [   0.    0.    0.    0.    0.    0.    0.]]

Results for eta: 0.000010 and lam type: middle 
 Error: 2745.6182 
 Accuracy: 0.6577
 Confusion matrix: 
 [[   0.    0.    0.    0.    0.    0.    0.]
 [ 270. 1647.   34.  293.   40.  143.   77.]
 [   0.    0.    0.    0.    0.    0.    0.]
 [   0.    0.    0.    0.    0.    0.    0.]
 [   0.    0.    0.    0.    0.    0.    0.]
 [   0.    0.    0.    0.    0.    0.    0.]
 [   0.    0.    0.    0.    0.    0.    0.]]

Results for eta: 0.000100 and lam type: middle 
 Error: 2340.2832 
 Accuracy: 0.6677
 Confusion matrix: 
 [[  44.   23.    5.   13.    2.   34.   24.]
 [ 217. 1611.   24.  259.   38.  102.   50.]
 [   0.    0.    0.    0.    0.    0.    0.]
 [   3.   12.    0.   11.    0.    1.    0.]
 [   0.    0.    0.    0.    0.    0.    0.]
 [   6.    1.    5.   10.    0.    6.    3.]
 [   0.    0.    0.    0.    0.    0.    0.]]

Results for eta: 0.001000 and lam type: middle 
 Error: 1908.2862 
 Accuracy: 0.7192
 Confusion matrix: 
 [[ 114.   53.    7.   33.    1.   16.   21.]
 [ 102. 1495.   10.  150.   15.   40.   11.]
 [   0.    0.    0.    0.    0.    0.    0.]
 [  27.   71.    1.   95.    0.   11.   11.]
 [   1.    4.    0.    3.   17.    4.    3.]
 [  15.   23.   13.   10.    6.   67.   18.]
 [  11.    1.    3.    2.    1.    5.   13.]]

Results for eta: 0.000001 and lam type: first 
 Error: 4809.1380 
 Accuracy: 0.1078
 Confusion matrix: 
 [[ 270. 1647.   34.  293.   40.  143.   77.]
 [   0.    0.    0.    0.    0.    0.    0.]
 [   0.    0.    0.    0.    0.    0.    0.]
 [   0.    0.    0.    0.    0.    0.    0.]
 [   0.    0.    0.    0.    0.    0.    0.]
 [   0.    0.    0.    0.    0.    0.    0.]
 [   0.    0.    0.    0.    0.    0.    0.]]

Results for eta: 0.000010 and lam type: first 
 Error: 3785.9899 
 Accuracy: 0.6577
 Confusion matrix: 
 [[   0.    0.    0.    0.    0.    0.    0.]
 [ 270. 1647.   34.  293.   40.  143.   77.]
 [   0.    0.    0.    0.    0.    0.    0.]
 [   0.    0.    0.    0.    0.    0.    0.]
 [   0.    0.    0.    0.    0.    0.    0.]
 [   0.    0.    0.    0.    0.    0.    0.]
 [   0.    0.    0.    0.    0.    0.    0.]]

Results for eta: 0.000100 and lam type: first 
 Error: 2877.5688 
 Accuracy: 0.6577
 Confusion matrix: 
 [[   0.    0.    0.    0.    0.    0.    0.]
 [ 270. 1647.   34.  293.   40.  143.   77.]
 [   0.    0.    0.    0.    0.    0.    0.]
 [   0.    0.    0.    0.    0.    0.    0.]
 [   0.    0.    0.    0.    0.    0.    0.]
 [   0.    0.    0.    0.    0.    0.    0.]
 [   0.    0.    0.    0.    0.    0.    0.]]

Results for eta: 0.001000 and lam type: first 
 Error: 2271.3516 
 Accuracy: 0.6733
 Confusion matrix: 
 [[  43.   31.    9.   15.    2.   28.   22.]
 [ 208. 1606.   17.  255.   32.   84.   37.]
 [   0.    0.    0.    0.    0.    0.    0.]
 [   0.    6.    0.    7.    1.    1.    0.]
 [   0.    0.    0.    0.    0.    0.    0.]
 [  19.    4.    8.   16.    5.   30.   18.]
 [   0.    0.    0.    0.    0.    0.    0.]]

Results for eta: 0.000001 and lam type: last_two 
 Error: 2859.1090 
 Accuracy: 0.6577
 Confusion matrix: 
 [[   0.    0.    0.    0.    0.    0.    0.]
 [ 270. 1647.   34.  293.   40.  143.   77.]
 [   0.    0.    0.    0.    0.    0.    0.]
 [   0.    0.    0.    0.    0.    0.    0.]
 [   0.    0.    0.    0.    0.    0.    0.]
 [   0.    0.    0.    0.    0.    0.    0.]
 [   0.    0.    0.    0.    0.    0.    0.]]

Results for eta: 0.000010 and lam type: last_two 
 Error: 2557.5826 
 Accuracy: 0.6542
 Confusion matrix: 
 [[   6.   16.    3.    3.    0.    6.    3.]
 [ 262. 1631.   31.  289.   40.  137.   74.]
 [   0.    0.    0.    0.    0.    0.    0.]
 [   1.    0.    0.    1.    0.    0.    0.]
 [   0.    0.    0.    0.    0.    0.    0.]
 [   1.    0.    0.    0.    0.    0.    0.]
 [   0.    0.    0.    0.    0.    0.    0.]]

Results for eta: 0.000100 and lam type: last_two 
 Error: 2277.2422 
 Accuracy: 0.6777
 Confusion matrix: 
 [[  43.   21.    6.   16.    0.   22.   19.]
 [ 206. 1598.   22.  237.   38.  100.   52.]
 [   0.    0.    0.    0.    0.    0.    0.]
 [  11.   19.    0.   37.    1.    2.    0.]
 [   0.    0.    0.    0.    0.    0.    0.]
 [   8.    8.    5.    3.    0.   17.    4.]
 [   2.    1.    1.    0.    1.    2.    2.]]

Results for eta: 0.001000 and lam type: last_two 
 Error: 1945.5735 
 Accuracy: 0.7121
 Confusion matrix: 
 [[ 106.   44.    5.   30.    0.   20.   22.]
 [ 119. 1513.   14.  167.   18.   51.   20.]
 [   0.    0.    0.    0.    0.    0.    0.]
 [  23.   66.    0.   82.    2.    9.    6.]
 [   0.    5.    0.    2.   16.    4.    2.]
 [   9.   16.   11.    8.    4.   48.    9.]
 [  13.    3.    4.    4.    0.   11.   18.]]
